(128, (1, 138, 25, 49))
(128, (1, 138, 5, 179))
(128, (1, 18, 25, 49))
(128, (1, 18, 5, 171))
(128, (119, 120, 171, 247))
(128, (119, 120, 247, 25))
(128, (119, 135, 25, 138))
(128, (119, 135, 55, 1))
(128, (119, 138, 1, 18))
(128, (119, 138, 247, 25))
(128, (119, 163, 5, 120))
(128, (119, 163, 55, 1))
(128, (119, 171, 135, 49))
(128, (119, 171, 247, 25))
(128, (119, 179, 171, 183))
(128, (119, 179, 171, 55))
(128, (119, 179, 55, 1))
(128, (119, 18, 1, 138))
(128, (119, 18, 171, 183))
(128, (119, 18, 171, 55))
(128, (119, 183, 163, 55))
(128, (119, 183, 171, 179))
(128, (119, 183, 55, 1))
(128, (119, 18, 55, 1))
(128, (119, 247, 183, 1))
(128, (119, 25, 163, 179))
(128, (119, 25, 171, 183))
(128, (119, 25, 171, 55))
(128, (119, 49, 171, 183))
(128, (119, 49, 171, 55))
(128, (119, 49, 55, 1))
(128, (119, 55, 163, 183))
(128, (119, 55, 171, 179))
(128, (119, 5, 55, 1))
(128, (119, 61, 171, 179))
(128, (119, 61, 179, 183))
(128, (119, 61, 179, 55))
(128, (119, 61, 247, 25))
(128, (119, 61, 49, 120))
(128, (120, 18, 138, 171))
(128, (135, 1, 119, 25))
(128, (135, 119, 179, 183))
(128, (135, 119, 179, 55))
(128, (135, 120, 163, 171))
(128, (135, 120, 183, 49))
(128, (135, 138, 55, 49))
(128, (135, 163, 119, 25))
(128, (135, 171, 55, 49))
(128, (135, 179, 119, 25))
(128, (135, 18, 119, 25))
(128, (135, 183, 119, 25))
(128, (135, 183, 179, 119))
(128, (135, 183, 179, 247))
(128, (135, 247, 119, 25))
(128, (135, 247, 179, 183))
(128, (135, 247, 179, 55))
(128, (135, 25, 55, 49))
(128, (135, 49, 119, 25))
(128, (135, 5, 119, 25))
(128, (135, 5, 179, 119))
(128, (135, 5, 179, 247))
(128, (135, 55, 119, 25))
(128, (135, 55, 179, 119))
(128, (135, 55, 179, 247))
(128, (135, 61, 55, 49))
(128, (1, 5, 49, 163))
(128, (163, 119, 179, 25))
(128, (163, 120, 247, 179))
(128, (163, 138, 247, 179))
(128, (163, 171, 247, 179))
(128, (163, 171, 5, 138))
(128, (163, 247, 179, 25))
(128, (163, 25, 247, 179))
(128, (163, 49, 25, 138))
(128, (163, 61, 247, 179))
(128, (163, 61, 49, 18))
(128, (171, 1, 183, 119))
(128, (171, 1, 183, 247))
(128, (171, 119, 183, 55))
(128, (171, 119, 55, 247))
(128, (171, 120, 179, 49))
(128, (171, 135, 183, 119))
(128, (171, 135, 183, 247))
(128, (171, 135, 55, 183))
(128, (171, 1, 55, 183))
(128, (171, 163, 183, 119))
(128, (171, 163, 183, 247))
(128, (171, 163, 55, 183))
(128, (171, 179, 183, 119))
(128, (171, 179, 183, 247))
(128, (171, 179, 55, 183))
(128, (171, 18, 183, 119))
(128, (171, 18, 183, 247))
(128, (171, 18, 55, 183))
(128, (171, 247, 183, 55))
(128, (171, 247, 55, 119))
(128, (171, 25, 135, 119))
(128, (171, 25, 135, 247))
(128, (171, 49, 183, 119))
(128, (171, 49, 183, 247))
(128, (171, 49, 55, 183))
(128, (171, 5, 183, 119))
(128, (171, 5, 183, 247))
(128, (171, 55, 183, 119))
(128, (171, 55, 183, 247))
(128, (171, 5, 55, 183))
(128, (179, 1, 135, 171))
(128, (179, 1, 171, 25))
(128, (179, 119, 1, 120))
(128, (179, 120, 119, 171))
(128, (179, 135, 163, 25))
(128, (179, 138, 119, 171))
(128, (179, 138, 135, 163))
(128, (179, 138, 171, 25))
(128, (179, 163, 171, 25))
(128, (179, 183, 171, 5))
(128, (179, 247, 1, 120))
(128, (179, 25, 119, 171))
(128, (179, 25, 163, 5))
(128, (179, 5, 135, 171))
(128, (179, 5, 163, 25))
(128, (179, 55, 171, 5))
(128, (179, 61, 119, 171))
(128, (179, 61, 163, 1))
(128, (179, 61, 171, 5))
(128, (18, 25, 138, 5))
(128, (183, 1, 163, 171))
(128, (183, 1, 179, 163))
(128, (183, 119, 247, 1))
(128, (183, 119, 25, 138))
(128, (183, 120, 55, 25))
(128, (183, 135, 171, 163))
(128, (183, 135, 247, 1))
(128, (183, 135, 5, 120))
(128, (183, 138, 135, 49))
(128, (183, 163, 135, 25))
(128, (183, 163, 247, 1))
(128, (183, 179, 247, 1))
(128, (183, 18, 179, 163))
(128, (183, 18, 247, 1))
(128, (183, 247, 25, 138))
(128, (183, 49, 179, 163))
(128, (183, 49, 247, 1))
(128, (183, 5, 1, 120))
(128, (183, 5, 171, 163))
(128, (183, 5, 247, 1))
(128, (183, 55, 247, 1))
(128, (183, 61, 135, 1))
(128, (247, 1, 135, 25))
(128, (247, 1, 171, 135))
(128, (247, 119, 163, 183))
(128, (247, 119, 163, 55))
(128, (247, 119, 171, 179))
(128, (247, 119, 55, 1))
(128, (247, 120, 119, 25))
(128, (247, 120, 163, 179))
(128, (247, 120, 171, 183))
(128, (247, 120, 171, 55))
(128, (247, 135, 183, 1))
(128, (247, 138, 119, 25))
(128, (247, 138, 171, 135))
(128, (247, 163, 171, 135))
(128, (247, 163, 183, 1))
(128, (247, 171, 119, 25))
(128, (247, 179, 171, 119))
(128, (247, 179, 183, 1))
(128, (247, 18, 171, 119))
(128, (247, 18, 183, 1))
(128, (247, 183, 163, 119))
(128, (247, 25, 135, 1))
(128, (247, 25, 171, 119))
(128, (247, 49, 171, 119))
(128, (247, 49, 183, 1))
(128, (247, 5, 135, 25))
(128, (247, 5, 163, 135))
(128, (247, 5, 183, 1))
(128, (247, 55, 163, 119))
(128, (247, 55, 183, 1))
(128, (247, 61, 119, 25))
(128, (247, 61, 179, 119))
(128, (25, 119, 183, 120))
(128, (25, 119, 61, 179))
(128, (25, 120, 49, 179))
(128, (25, 135, 55, 120))
(128, (25, 138, 5, 135))
(128, (25, 1, 55, 120))
(128, (25, 163, 55, 120))
(128, (25, 179, 55, 120))
(128, (25, 183, 55, 120))
(128, (25, 18, 55, 120))
(128, (25, 247, 183, 120))
(128, (25, 247, 61, 179))
(128, (25, 49, 55, 120))
(128, (25, 5, 49, 119))
(128, (25, 5, 49, 247))
(128, (25, 5, 55, 120))
(128, (49, 1, 171, 18))
(128, (49, 119, 61, 135))
(128, (49, 135, 163, 18))
(128, (49, 135, 179, 138))
(128, (49, 138, 171, 18))
(128, (49, 163, 171, 18))
(128, (49, 171, 1, 61))
(128, (49, 183, 179, 138))
(128, (49, 183, 5, 179))
(128, (49, 247, 61, 135))
(128, (49, 5, 163, 18))
(128, (49, 5, 179, 138))
(128, (49, 55, 179, 138))
(128, (49, 55, 5, 179))
(128, (49, 61, 1, 171))
(128, (49, 61, 25, 183))
(128, (49, 61, 25, 55))
(128, (5, 1, 119, 18))
(128, (5, 1, 135, 138))
(128, (5, 1, 171, 120))
(128, (5, 120, 119, 138))
(128, (5, 120, 135, 18))
(128, (5, 135, 119, 18))
(128, (5, 135, 163, 120))
(128, (5, 138, 171, 120))
(128, (5, 138, 49, 171))
(128, (5, 163, 1, 171))
(128, (5, 163, 119, 18))
(128, (5, 163, 171, 120))
(128, (5, 163, 49, 179))
(128, (5, 171, 1, 163))
(128, (5, 171, 119, 138))
(128, (5, 179, 119, 18))
(128, (5, 183, 119, 18))
(128, (5, 18, 49, 179))
(128, (5, 247, 119, 18))
(128, (5, 25, 119, 138))
(128, (5, 49, 119, 18))
(128, (55, 120, 135, 1))
(128, (55, 120, 183, 25))
(128, (55, 135, 119, 1))
(128, (55, 163, 119, 1))
(128, (55, 171, 1, 18))
(128, (55, 179, 1, 138))
(128, (55, 179, 119, 1))
(128, (55, 18, 119, 1))
(128, (55, 183, 119, 1))
(128, (55, 183, 25, 138))
(128, (55, 247, 119, 1))
(128, (55, 49, 119, 1))
(128, (55, 49, 5, 138))
(128, (55, 5, 119, 1))
(128, (5, 55, 119, 18))
(128, (5, 61, 119, 138))
(128, (61, 119, 49, 179))
(128, (61, 120, 1, 25))
(128, (61, 1, 25, 5))
(128, (61, 138, 1, 135))
(128, (61, 163, 49, 119))
(128, (61, 163, 49, 247))
(128, (61, 179, 49, 119))
(128, (61, 179, 49, 247))
(128, (61, 18, 49, 119))
(128, (61, 18, 49, 247))
(128, (61, 247, 49, 179))
(128, (61, 25, 5, 119))
(128, (61, 25, 5, 247))
(128, (61, 5, 25, 1))
(150, (1, 119, 179, 120))
(150, (1, 119, 25, 163))
(150, (1, 119, 49, 183))
(150, (1, 119, 49, 55))
(150, (1, 120, 247, 18))
(150, (1, 120, 61, 183))
(150, (1, 120, 61, 55))
(150, (1, 135, 49, 119))
(150, (1, 135, 49, 247))
(150, (1, 138, 247, 18))
(150, (1, 138, 25, 135))
(150, (1, 171, 247, 18))
(150, (1, 18, 25, 135))
(150, (1, 183, 49, 119))
(150, (1, 183, 49, 247))
(150, (119, 1, 179, 25))
(150, (119, 120, 135, 183))
(150, (119, 120, 135, 55))
(150, (119, 120, 49, 18))
(150, (119, 135, 171, 25))
(150, (119, 138, 163, 25))
(150, (119, 163, 179, 25))
(150, (119, 171, 163, 25))
(150, (119, 18, 179, 25))
(150, (119, 247, 61, 18))
(150, (119, 49, 179, 25))
(150, (119, 5, 171, 25))
(150, (119, 61, 135, 247))
(150, (119, 61, 163, 5))
(150, (120, 18, 138, 1))
(150, (1, 247, 179, 120))
(150, (1, 247, 25, 163))
(150, (1, 247, 49, 183))
(150, (1, 247, 49, 55))
(150, (1, 25, 247, 18))
(150, (1, 25, 61, 119))
(150, (1, 25, 61, 247))
(150, (135, 119, 163, 5))
(150, (135, 119, 171, 1))
(150, (135, 120, 163, 1))
(150, (135, 120, 171, 5))
(150, (135, 1, 49, 18))
(150, (135, 163, 61, 138))
(150, (135, 171, 61, 138))
(150, (135, 179, 1, 120))
(150, (135, 179, 61, 138))
(150, (135, 183, 25, 120))
(150, (135, 183, 61, 138))
(150, (135, 18, 61, 138))
(150, (135, 247, 163, 5))
(150, (135, 247, 171, 1))
(150, (135, 25, 1, 18))
(150, (135, 25, 49, 138))
(150, (135, 49, 5, 120))
(150, (135, 55, 25, 120))
(150, (135, 55, 61, 138))
(150, (138, 119, 120, 18))
(150, (138, 135, 120, 18))
(150, (138, 163, 18, 171))
(150, (138, 171, 18, 163))
(150, (138, 179, 18, 171))
(150, (138, 183, 120, 18))
(150, (138, 247, 120, 18))
(150, (138, 49, 18, 171))
(150, (138, 55, 120, 18))
(150, (1, 49, 61, 119))
(150, (1, 49, 61, 247))
(150, (1, 55, 49, 119))
(150, (1, 55, 49, 247))
(150, (1, 5, 61, 119))
(150, (1, 5, 61, 247))
(150, (1, 61, 247, 18))
(150, (163, 1, 171, 183))
(150, (163, 1, 171, 55))
(150, (163, 1, 183, 49))
(150, (163, 119, 55, 49))
(150, (163, 120, 5, 18))
(150, (163, 135, 171, 179))
(150, (163, 135, 183, 49))
(150, (163, 138, 171, 183))
(150, (163, 138, 171, 55))
(150, (163, 138, 179, 171))
(150, (163, 1, 5, 138))
(150, (163, 179, 135, 25))
(150, (163, 179, 183, 49))
(150, (163, 18, 183, 49))
(150, (163, 183, 135, 25))
(150, (163, 18, 5, 120))
(150, (163, 247, 55, 49))
(150, (163, 25, 135, 49))
(150, (163, 25, 179, 171))
(150, (163, 49, 135, 25))
(150, (163, 5, 171, 179))
(150, (163, 5, 183, 49))
(150, (163, 55, 135, 25))
(150, (163, 55, 183, 49))
(150, (171, 120, 179, 135))
(150, (171, 120, 183, 5))
(150, (171, 135, 49, 138))
(150, (171, 138, 55, 5))
(150, (171, 1, 61, 138))
(150, (171, 183, 49, 138))
(150, (171, 25, 55, 5))
(150, (171, 25, 61, 138))
(150, (171, 49, 1, 120))
(150, (171, 49, 61, 138))
(150, (171, 55, 49, 138))
(150, (171, 5, 61, 138))
(150, (171, 61, 25, 120))
(150, (171, 61, 55, 5))
(150, (179, 120, 119, 1))
(150, (179, 138, 119, 1))
(150, (179, 171, 119, 1))
(150, (179, 183, 25, 18))
(150, (179, 25, 119, 1))
(150, (179, 49, 5, 18))
(150, (179, 5, 135, 1))
(150, (179, 55, 25, 18))
(150, (179, 61, 119, 1))
(150, (179, 61, 5, 138))
(150, (18, 119, 138, 247))
(150, (18, 183, 138, 55))
(150, (18, 247, 138, 119))
(150, (183, 119, 55, 247))
(150, (183, 120, 179, 49))
(150, (183, 247, 55, 119))
(150, (183, 25, 135, 119))
(150, (183, 25, 135, 247))
(150, (18, 55, 138, 183))
(150, (18, 61, 138, 183))
(150, (18, 61, 138, 55))
(150, (247, 120, 135, 119))
(150, (247, 135, 61, 18))
(150, (247, 138, 61, 18))
(150, (247, 163, 61, 18))
(150, (247, 171, 61, 18))
(150, (247, 179, 61, 18))
(150, (247, 183, 61, 18))
(150, (247, 25, 49, 18))
(150, (247, 55, 61, 18))
(150, (247, 61, 135, 183))
(150, (247, 61, 135, 55))
(150, (247, 61, 5, 120))
(150, (25, 171, 5, 61))
(150, (25, 179, 1, 183))
(150, (25, 179, 1, 55))
(150, (25, 183, 1, 179))
(150, (25, 49, 5, 183))
(150, (25, 49, 5, 55))
(150, (25, 55, 1, 179))
(150, (49, 119, 135, 138))
(150, (49, 135, 1, 183))
(150, (49, 135, 1, 55))
(150, (49, 135, 25, 171))
(150, (49, 138, 1, 179))
(150, (49, 163, 5, 25))
(150, (49, 18, 1, 171))
(150, (49, 183, 1, 135))
(150, (49, 247, 135, 138))
(150, (49, 25, 5, 163))
(150, (49, 55, 1, 135))
(150, (5, 119, 25, 49))
(150, (5, 120, 1, 171))
(150, (5, 120, 25, 183))
(150, (5, 120, 25, 55))
(150, (5, 138, 1, 25))
(150, (5, 138, 49, 1))
(150, (5, 171, 49, 1))
(150, (5, 247, 25, 49))
(150, (5, 49, 25, 119))
(150, (5, 49, 25, 247))
(150, (55, 1, 171, 61))
(150, (55, 119, 183, 247))
(150, (55, 135, 163, 61))
(150, (55, 138, 171, 61))
(150, (55, 138, 179, 49))
(150, (55, 163, 171, 61))
(150, (55, 163, 49, 120))
(150, (55, 171, 179, 49))
(150, (55, 179, 163, 49))
(150, (55, 179, 49, 120))
(150, (55, 18, 163, 49))
(150, (55, 18, 49, 120))
(150, (55, 247, 183, 119))
(150, (55, 25, 135, 183))
(150, (55, 25, 179, 49))
(150, (55, 25, 5, 120))
(150, (55, 5, 163, 61))
(150, (61, 1, 171, 18))
(150, (61, 120, 49, 135))
(150, (61, 135, 163, 18))
(150, (61, 135, 179, 138))
(150, (61, 138, 171, 18))
(150, (61, 163, 171, 18))
(150, (61, 183, 1, 49))
(150, (61, 183, 179, 138))
(150, (61, 183, 5, 179))
(150, (61, 49, 1, 183))
(150, (61, 49, 1, 55))
(150, (61, 5, 163, 18))
(150, (61, 5, 179, 138))
(150, (61, 55, 1, 49))
(150, (61, 55, 179, 138))
(150, (61, 55, 5, 179))
(160, (1, 135, 25, 49))
(160, (1, 135, 61, 163))
(160, (1, 138, 135, 120))
(160, (1, 138, 5, 183))
(160, (1, 138, 5, 55))
(160, (1, 138, 61, 163))
(160, (1, 171, 61, 163))
(160, (1, 179, 61, 163))
(160, (1, 183, 61, 163))
(160, (1, 18, 61, 163))
(160, (119, 120, 163, 247))
(160, (119, 120, 55, 61))
(160, (119, 135, 55, 5))
(160, (119, 138, 183, 61))
(160, (119, 138, 25, 18))
(160, (119, 1, 55, 5))
(160, (119, 163, 135, 61))
(160, (119, 163, 55, 5))
(160, (119, 171, 183, 61))
(160, (119, 179, 55, 5))
(160, (119, 183, 171, 55))
(160, (119, 183, 55, 5))
(160, (119, 18, 55, 5))
(160, (119, 247, 183, 5))
(160, (119, 25, 163, 183))
(160, (119, 25, 163, 55))
(160, (119, 25, 183, 61))
(160, (119, 49, 55, 5))
(160, (119, 55, 171, 183))
(160, (119, 61, 163, 179))
(160, (119, 61, 171, 183))
(160, (119, 61, 171, 55))
(160, (1, 25, 49, 163))
(160, (135, 119, 163, 179))
(160, (135, 119, 183, 61))
(160, (135, 119, 61, 120))
(160, (135, 120, 171, 179))
(160, (135, 120, 179, 183))
(160, (135, 120, 179, 55))
(160, (135, 138, 179, 119))
(160, (135, 138, 179, 247))
(160, (135, 1, 55, 61))
(160, (135, 163, 55, 61))
(160, (135, 171, 179, 119))
(160, (135, 171, 179, 247))
(160, (135, 179, 163, 119))
(160, (135, 179, 163, 247))
(160, (135, 179, 55, 61))
(160, (135, 18, 163, 119))
(160, (135, 18, 163, 247))
(160, (135, 183, 55, 61))
(160, (135, 18, 55, 61))
(160, (135, 247, 163, 179))
(160, (135, 247, 183, 61))
(160, (135, 247, 61, 120))
(160, (135, 25, 179, 119))
(160, (135, 25, 179, 247))
(160, (135, 49, 163, 119))
(160, (135, 49, 163, 247))
(160, (135, 49, 55, 61))
(160, (135, 5, 55, 61))
(160, (1, 5, 25, 179))
(160, (1, 55, 61, 163))
(160, (163, 1, 135, 119))
(160, (163, 1, 135, 247))
(160, (163, 120, 119, 247))
(160, (163, 120, 179, 25))
(160, (163, 120, 247, 183))
(160, (163, 120, 247, 55))
(160, (163, 138, 119, 247))
(160, (163, 138, 247, 183))
(160, (163, 138, 247, 55))
(160, (163, 171, 119, 247))
(160, (163, 171, 247, 183))
(160, (163, 171, 247, 55))
(160, (163, 25, 119, 247))
(160, (163, 25, 247, 183))
(160, (163, 25, 247, 55))
(160, (163, 49, 1, 138))
(160, (163, 5, 135, 119))
(160, (163, 5, 135, 247))
(160, (163, 61, 119, 247))
(160, (163, 61, 247, 183))
(160, (163, 61, 247, 55))
(160, (163, 61, 25, 138))
(160, (171, 1, 163, 5))
(160, (171, 119, 135, 163))
(160, (171, 119, 163, 49))
(160, (171, 119, 49, 120))
(160, (171, 120, 183, 179))
(160, (171, 135, 163, 1))
(160, (171, 138, 55, 179))
(160, (171, 247, 135, 163))
(160, (171, 247, 163, 49))
(160, (171, 247, 49, 120))
(160, (171, 25, 55, 179))
(160, (171, 5, 163, 1))
(160, (171, 61, 55, 179))
(160, (179, 1, 119, 183))
(160, (179, 1, 119, 55))
(160, (179, 119, 61, 18))
(160, (179, 120, 135, 183))
(160, (179, 120, 135, 55))
(160, (179, 120, 49, 18))
(160, (179, 1, 247, 119))
(160, (179, 135, 119, 183))
(160, (179, 135, 119, 55))
(160, (179, 135, 171, 25))
(160, (179, 135, 247, 119))
(160, (179, 138, 163, 25))
(160, (179, 163, 119, 183))
(160, (179, 163, 119, 55))
(160, (179, 163, 247, 119))
(160, (179, 171, 163, 25))
(160, (179, 18, 119, 183))
(160, (179, 18, 119, 55))
(160, (179, 18, 247, 119))
(160, (179, 183, 119, 55))
(160, (179, 183, 247, 119))
(160, (179, 247, 119, 183))
(160, (179, 247, 119, 55))
(160, (179, 247, 61, 18))
(160, (179, 49, 119, 183))
(160, (179, 49, 119, 55))
(160, (179, 49, 247, 119))
(160, (179, 5, 119, 183))
(160, (179, 5, 119, 55))
(160, (179, 5, 171, 25))
(160, (179, 5, 247, 119))
(160, (179, 55, 119, 183))
(160, (179, 55, 247, 119))
(160, (179, 61, 135, 119))
(160, (179, 61, 135, 247))
(160, (179, 61, 163, 5))
(160, (18, 1, 138, 25))
(160, (183, 1, 135, 61))
(160, (183, 119, 1, 138))
(160, (183, 119, 247, 5))
(160, (183, 120, 119, 61))
(160, (183, 1, 247, 5))
(160, (183, 135, 163, 171))
(160, (183, 135, 179, 163))
(160, (183, 135, 247, 5))
(160, (183, 138, 119, 61))
(160, (183, 163, 247, 5))
(160, (183, 171, 119, 61))
(160, (183, 179, 247, 5))
(160, (183, 18, 247, 5))
(160, (183, 247, 1, 138))
(160, (183, 25, 119, 61))
(160, (183, 49, 247, 5))
(160, (183, 5, 135, 61))
(160, (183, 5, 163, 171))
(160, (183, 5, 179, 163))
(160, (183, 55, 179, 163))
(160, (183, 55, 247, 5))
(160, (183, 61, 135, 5))
(160, (247, 1, 179, 135))
(160, (247, 1, 183, 5))
(160, (247, 119, 171, 183))
(160, (247, 119, 171, 55))
(160, (247, 119, 55, 5))
(160, (247, 120, 163, 183))
(160, (247, 120, 163, 55))
(160, (247, 120, 183, 61))
(160, (247, 135, 183, 5))
(160, (247, 138, 163, 135))
(160, (247, 138, 55, 61))
(160, (247, 163, 179, 135))
(160, (247, 163, 183, 5))
(160, (247, 171, 163, 135))
(160, (247, 171, 55, 61))
(160, (247, 179, 183, 5))
(160, (247, 18, 179, 135))
(160, (247, 18, 183, 5))
(160, (247, 183, 171, 119))
(160, (247, 25, 135, 5))
(160, (247, 25, 163, 119))
(160, (247, 25, 55, 61))
(160, (247, 49, 179, 135))
(160, (247, 49, 183, 5))
(160, (247, 5, 171, 135))
(160, (247, 55, 171, 119))
(160, (247, 55, 183, 5))
(160, (247, 61, 171, 119))
(160, (25, 119, 5, 163))
(160, (25, 119, 61, 183))
(160, (25, 119, 61, 55))
(160, (25, 120, 49, 183))
(160, (25, 120, 49, 55))
(160, (25, 135, 61, 119))
(160, (25, 135, 61, 247))
(160, (25, 138, 61, 119))
(160, (25, 138, 61, 247))
(160, (25, 163, 61, 119))
(160, (25, 163, 61, 247))
(160, (25, 171, 61, 119))
(160, (25, 171, 61, 247))
(160, (25, 179, 61, 119))
(160, (25, 179, 61, 247))
(160, (25, 18, 1, 5))
(160, (25, 183, 61, 119))
(160, (25, 183, 61, 247))
(160, (25, 18, 61, 119))
(160, (25, 18, 61, 247))
(160, (25, 247, 5, 163))
(160, (25, 247, 61, 183))
(160, (25, 247, 61, 55))
(160, (25, 55, 61, 119))
(160, (25, 55, 61, 247))
(160, (49, 1, 179, 18))
(160, (49, 119, 5, 247))
(160, (49, 135, 171, 18))
(160, (49, 138, 163, 18))
(160, (49, 163, 179, 18))
(160, (49, 163, 25, 61))
(160, (49, 171, 163, 18))
(160, (49, 171, 179, 138))
(160, (49, 171, 25, 61))
(160, (49, 179, 135, 120))
(160, (49, 179, 163, 138))
(160, (49, 179, 25, 61))
(160, (49, 179, 5, 183))
(160, (49, 179, 5, 55))
(160, (49, 18, 163, 138))
(160, (49, 183, 135, 120))
(160, (49, 183, 5, 55))
(160, (49, 247, 5, 119))
(160, (49, 25, 179, 138))
(160, (49, 5, 171, 18))
(160, (49, 55, 135, 120))
(160, (49, 55, 5, 183))
(160, (5, 1, 179, 120))
(160, (5, 135, 171, 120))
(160, (5, 135, 49, 179))
(160, (5, 135, 61, 49))
(160, (5, 138, 163, 120))
(160, (5, 138, 61, 49))
(160, (5, 1, 61, 179))
(160, (5, 163, 179, 120))
(160, (5, 163, 49, 183))
(160, (5, 163, 49, 55))
(160, (5, 163, 61, 49))
(160, (5, 171, 163, 120))
(160, (5, 171, 25, 163))
(160, (5, 171, 61, 49))
(160, (5, 179, 25, 163))
(160, (5, 179, 49, 183))
(160, (5, 179, 49, 55))
(160, (5, 179, 61, 49))
(160, (5, 18, 179, 120))
(160, (5, 183, 49, 179))
(160, (5, 183, 61, 49))
(160, (5, 18, 49, 183))
(160, (5, 18, 49, 55))
(160, (5, 18, 61, 49))
(160, (5, 25, 61, 179))
(160, (5, 49, 179, 120))
(160, (5, 49, 61, 179))
(160, (55, 1, 119, 5))
(160, (55, 119, 179, 163))
(160, (55, 120, 135, 5))
(160, (55, 120, 247, 61))
(160, (55, 135, 119, 5))
(160, (55, 138, 247, 61))
(160, (55, 163, 119, 5))
(160, (55, 163, 25, 18))
(160, (55, 171, 247, 61))
(160, (55, 171, 25, 18))
(160, (55, 179, 119, 5))
(160, (55, 179, 25, 18))
(160, (55, 18, 119, 5))
(160, (55, 183, 1, 138))
(160, (55, 183, 119, 5))
(160, (55, 247, 119, 5))
(160, (55, 247, 179, 163))
(160, (55, 25, 247, 61))
(160, (55, 49, 119, 5))
(160, (5, 55, 49, 179))
(160, (5, 55, 61, 49))
(160, (61, 119, 179, 120))
(160, (61, 119, 25, 163))
(160, (61, 119, 49, 183))
(160, (61, 119, 49, 55))
(160, (61, 120, 247, 18))
(160, (61, 135, 49, 119))
(160, (61, 135, 49, 247))
(160, (61, 138, 247, 18))
(160, (61, 138, 25, 135))
(160, (61, 171, 247, 18))
(160, (61, 18, 25, 135))
(160, (61, 183, 49, 119))
(160, (61, 183, 49, 247))
(160, (61, 18, 5, 1))
(160, (61, 247, 179, 120))
(160, (61, 247, 25, 163))
(160, (61, 247, 49, 183))
(160, (61, 247, 49, 55))
(160, (61, 25, 247, 18))
(160, (61, 55, 49, 119))
(160, (61, 55, 49, 247))
(189, (1, 119, 163, 61))
(189, (1, 119, 55, 135))
(189, (1, 120, 171, 61))
(189, (1, 135, 179, 5))
(189, (1, 163, 183, 135))
(189, (1, 171, 135, 119))
(189, (1, 171, 135, 247))
(189, (1, 179, 183, 135))
(189, (1, 18, 183, 135))
(189, (1, 183, 179, 5))
(189, (119, 1, 25, 179))
(189, (119, 138, 25, 49))
(189, (119, 138, 5, 179))
(189, (119, 1, 5, 61))
(189, (119, 18, 25, 49))
(189, (119, 18, 5, 171))
(189, (119, 5, 49, 163))
(189, (120, 1, 18, 25))
(189, (120, 163, 138, 61))
(189, (120, 171, 138, 61))
(189, (1, 247, 163, 61))
(189, (1, 247, 55, 135))
(189, (135, 119, 25, 5))
(189, (135, 119, 49, 25))
(189, (135, 120, 61, 25))
(189, (135, 179, 171, 18))
(189, (135, 183, 163, 18))
(189, (135, 247, 25, 5))
(189, (135, 247, 49, 25))
(189, (135, 25, 171, 18))
(189, (135, 49, 171, 18))
(189, (135, 55, 163, 18))
(189, (135, 61, 163, 138))
(189, (135, 61, 179, 18))
(189, (138, 120, 18, 49))
(189, (138, 163, 18, 120))
(189, (138, 179, 18, 120))
(189, (138, 49, 18, 120))
(189, (1, 49, 183, 135))
(189, (1, 5, 183, 135))
(189, (1, 55, 179, 5))
(189, (1, 55, 183, 135))
(189, (163, 138, 179, 120))
(189, (163, 138, 49, 183))
(189, (163, 138, 49, 55))
(189, (163, 171, 179, 120))
(189, (163, 171, 49, 183))
(189, (163, 171, 49, 55))
(189, (163, 179, 25, 171))
(189, (163, 25, 179, 120))
(189, (163, 5, 49, 61))
(189, (171, 119, 5, 1))
(189, (171, 120, 55, 18))
(189, (171, 138, 183, 18))
(189, (171, 163, 135, 18))
(189, (171, 247, 5, 1))
(189, (171, 25, 183, 18))
(189, (171, 61, 183, 18))
(189, (179, 119, 61, 49))
(189, (179, 120, 1, 25))
(189, (179, 1, 25, 5))
(189, (179, 138, 1, 135))
(189, (179, 163, 49, 119))
(189, (179, 163, 49, 247))
(189, (179, 18, 49, 119))
(189, (179, 18, 49, 247))
(189, (179, 247, 61, 49))
(189, (179, 25, 5, 119))
(189, (179, 25, 5, 247))
(189, (179, 5, 25, 1))
(189, (183, 119, 5, 171))
(189, (183, 120, 25, 179))
(189, (183, 135, 1, 25))
(189, (183, 135, 49, 1))
(189, (183, 1, 49, 135))
(189, (183, 163, 49, 5))
(189, (183, 179, 49, 5))
(189, (183, 18, 49, 5))
(189, (183, 247, 5, 171))
(189, (183, 25, 1, 135))
(189, (183, 25, 61, 1))
(189, (183, 49, 61, 1))
(189, (183, 55, 49, 1))
(189, (183, 5, 61, 1))
(189, (18, 5, 120, 61))
(189, (247, 120, 1, 135))
(189, (247, 61, 163, 18))
(189, (25, 120, 247, 179))
(189, (25, 138, 247, 179))
(189, (25, 163, 5, 18))
(189, (25, 171, 247, 179))
(189, (25, 171, 5, 138))
(189, (25, 61, 247, 179))
(189, (25, 61, 49, 18))
(189, (49, 120, 1, 18))
(189, (49, 120, 247, 135))
(189, (49, 135, 25, 120))
(189, (49, 138, 247, 135))
(189, (49, 171, 247, 135))
(189, (49, 18, 1, 120))
(189, (49, 18, 135, 183))
(189, (49, 18, 135, 55))
(189, (49, 25, 247, 135))
(189, (49, 61, 247, 135))
(189, (5, 119, 135, 61))
(189, (5, 119, 49, 18))
(189, (5, 120, 61, 18))
(189, (5, 183, 171, 135))
(189, (5, 247, 135, 61))
(189, (5, 247, 49, 18))
(189, (5, 25, 163, 135))
(189, (55, 1, 171, 138))
(189, (55, 119, 49, 1))
(189, (55, 120, 61, 1))
(189, (55, 135, 163, 138))
(189, (55, 138, 49, 61))
(189, (55, 163, 1, 61))
(189, (55, 163, 171, 138))
(189, (55, 163, 25, 49))
(189, (55, 171, 25, 49))
(189, (55, 171, 49, 61))
(189, (55, 171, 5, 179))
(189, (55, 179, 25, 49))
(189, (55, 179, 5, 171))
(189, (55, 183, 5, 171))
(189, (55, 247, 49, 1))
(189, (55, 49, 25, 179))
(189, (55, 5, 163, 138))
(189, (5, 55, 171, 135))
(189, (55, 61, 1, 163))
(189, (5, 61, 171, 135))
(189, (61, 119, 135, 1))
(189, (61, 119, 183, 25))
(189, (61, 120, 247, 49))
(189, (61, 135, 55, 25))
(189, (61, 138, 247, 49))
(189, (61, 138, 49, 18))
(189, (61, 1, 55, 25))
(189, (61, 163, 1, 18))
(189, (61, 163, 55, 25))
(189, (61, 171, 1, 138))
(189, (61, 171, 247, 49))
(189, (61, 171, 49, 18))
(189, (61, 179, 55, 25))
(189, (61, 183, 55, 25))
(189, (61, 18, 55, 25))
(189, (61, 247, 135, 1))
(189, (61, 247, 183, 25))
(189, (61, 25, 247, 49))
(189, (61, 49, 55, 25))
(189, (61, 5, 55, 25))
(192, (1, 119, 25, 49))
(192, (1, 120, 25, 183))
(192, (1, 120, 25, 55))
(192, (1, 135, 49, 5))
(192, (1, 171, 5, 119))
(192, (1, 171, 5, 247))
(192, (1, 183, 49, 5))
(192, (119, 1, 135, 61))
(192, (119, 1, 247, 5))
(192, (119, 135, 163, 171))
(192, (119, 135, 179, 163))
(192, (119, 135, 247, 5))
(192, (119, 163, 247, 5))
(192, (119, 179, 247, 5))
(192, (119, 18, 247, 5))
(192, (119, 183, 179, 163))
(192, (119, 183, 247, 5))
(192, (119, 247, 1, 138))
(192, (119, 49, 247, 5))
(192, (119, 5, 135, 61))
(192, (119, 5, 163, 171))
(192, (119, 5, 179, 163))
(192, (119, 55, 179, 163))
(192, (119, 55, 247, 5))
(192, (119, 61, 135, 5))
(192, (1, 247, 25, 49))
(192, (1, 25, 61, 5))
(192, (135, 119, 247, 61))
(192, (135, 1, 247, 61))
(192, (135, 163, 247, 61))
(192, (135, 163, 25, 138))
(192, (135, 171, 25, 138))
(192, (135, 179, 247, 61))
(192, (135, 179, 25, 138))
(192, (135, 18, 247, 61))
(192, (135, 183, 247, 61))
(192, (135, 49, 247, 61))
(192, (135, 5, 247, 61))
(192, (135, 55, 247, 61))
(192, (138, 171, 18, 49))
(192, (1, 49, 25, 119))
(192, (1, 49, 25, 247))
(192, (1, 49, 61, 5))
(192, (1, 5, 49, 135))
(192, (1, 55, 49, 5))
(192, (163, 120, 183, 119))
(192, (163, 120, 183, 247))
(192, (163, 120, 55, 183))
(192, (163, 135, 179, 61))
(192, (163, 138, 183, 55))
(192, (163, 138, 49, 120))
(192, (163, 138, 55, 119))
(192, (163, 138, 55, 247))
(192, (163, 171, 183, 55))
(192, (163, 171, 49, 120))
(192, (163, 171, 55, 119))
(192, (163, 171, 55, 247))
(192, (163, 183, 171, 49))
(192, (163, 183, 179, 61))
(192, (163, 25, 183, 55))
(192, (163, 25, 55, 119))
(192, (163, 25, 55, 247))
(192, (163, 5, 179, 61))
(192, (163, 5, 25, 138))
(192, (163, 55, 171, 49))
(192, (163, 55, 179, 61))
(192, (163, 61, 171, 49))
(192, (163, 61, 183, 55))
(192, (163, 61, 55, 119))
(192, (163, 61, 55, 247))
(192, (171, 119, 179, 25))
(192, (171, 120, 247, 179))
(192, (171, 138, 247, 179))
(192, (171, 163, 5, 18))
(192, (171, 247, 179, 25))
(192, (171, 25, 247, 179))
(192, (171, 49, 25, 138))
(192, (171, 61, 247, 179))
(192, (171, 61, 49, 18))
(192, (179, 1, 183, 119))
(192, (179, 1, 183, 247))
(192, (179, 119, 183, 55))
(192, (179, 119, 55, 247))
(192, (179, 135, 183, 119))
(192, (179, 135, 183, 247))
(192, (179, 135, 55, 183))
(192, (179, 1, 55, 183))
(192, (179, 163, 183, 119))
(192, (179, 163, 183, 247))
(192, (179, 163, 55, 183))
(192, (179, 18, 183, 119))
(192, (179, 18, 183, 247))
(192, (179, 18, 55, 183))
(192, (179, 247, 183, 55))
(192, (179, 247, 55, 119))
(192, (179, 25, 135, 119))
(192, (179, 25, 135, 247))
(192, (179, 49, 183, 119))
(192, (179, 49, 183, 247))
(192, (179, 49, 55, 183))
(192, (179, 5, 183, 119))
(192, (179, 5, 183, 247))
(192, (179, 55, 183, 119))
(192, (179, 55, 183, 247))
(192, (179, 5, 55, 183))
(192, (18, 119, 138, 5))
(192, (18, 138, 120, 1))
(192, (18, 247, 138, 5))
(192, (183, 1, 179, 135))
(192, (183, 119, 171, 55))
(192, (183, 119, 55, 5))
(192, (183, 120, 163, 55))
(192, (183, 138, 163, 135))
(192, (183, 138, 55, 61))
(192, (183, 163, 179, 135))
(192, (183, 171, 163, 135))
(192, (183, 171, 55, 61))
(192, (183, 18, 179, 135))
(192, (183, 247, 171, 55))
(192, (183, 247, 55, 5))
(192, (183, 25, 135, 5))
(192, (183, 25, 163, 119))
(192, (183, 25, 163, 247))
(192, (183, 25, 55, 61))
(192, (183, 49, 179, 135))
(192, (183, 5, 171, 135))
(192, (183, 55, 171, 119))
(192, (183, 55, 171, 247))
(192, (183, 61, 171, 119))
(192, (183, 61, 171, 247))
(192, (247, 1, 119, 5))
(192, (247, 119, 179, 163))
(192, (247, 120, 135, 5))
(192, (247, 135, 119, 5))
(192, (247, 163, 119, 5))
(192, (247, 163, 25, 18))
(192, (247, 171, 25, 18))
(192, (247, 179, 119, 5))
(192, (247, 179, 25, 18))
(192, (247, 18, 119, 5))
(192, (247, 183, 1, 138))
(192, (247, 183, 119, 5))
(192, (247, 49, 119, 5))
(192, (247, 55, 1, 138))
(192, (247, 55, 119, 5))
(192, (25, 179, 171, 18))
(192, (25, 183, 163, 18))
(192, (25, 49, 171, 18))
(192, (25, 55, 163, 18))
(192, (25, 61, 163, 138))
(192, (25, 61, 179, 18))
(192, (49, 135, 61, 171))
(192, (49, 138, 25, 61))
(192, (49, 138, 61, 171))
(192, (49, 163, 61, 171))
(192, (49, 179, 1, 25))
(192, (49, 179, 61, 171))
(192, (49, 18, 135, 120))
(192, (49, 18, 25, 61))
(192, (49, 183, 61, 171))
(192, (49, 18, 5, 183))
(192, (49, 18, 5, 55))
(192, (49, 18, 61, 171))
(192, (49, 25, 1, 179))
(192, (49, 55, 61, 171))
(192, (5, 135, 1, 171))
(192, (5, 138, 25, 163))
(192, (5, 1, 49, 25))
(192, (5, 171, 1, 135))
(192, (5, 18, 25, 163))
(192, (55, 119, 171, 247))
(192, (55, 119, 183, 5))
(192, (55, 120, 163, 119))
(192, (55, 120, 163, 247))
(192, (55, 138, 183, 61))
(192, (55, 138, 25, 18))
(192, (55, 163, 135, 61))
(192, (55, 171, 183, 61))
(192, (55, 247, 171, 119))
(192, (55, 247, 183, 5))
(192, (55, 25, 163, 183))
(192, (55, 25, 183, 61))
(192, (55, 61, 163, 179))
(192, (55, 61, 171, 183))
(192, (5, 61, 25, 1))
(192, (61, 119, 5, 1))
(192, (61, 120, 55, 18))
(192, (61, 138, 183, 18))
(192, (61, 163, 135, 18))
(192, (61, 171, 135, 138))
(192, (61, 171, 183, 18))
(192, (61, 247, 5, 1))
(192, (61, 25, 183, 18))
(194, (1, 119, 25, 135))
(194, (1, 119, 61, 25))
(194, (1, 120, 49, 25))
(194, (119, 1, 163, 5))
(194, (119, 120, 171, 49))
(194, (119, 120, 183, 179))
(194, (119, 135, 163, 1))
(194, (119, 138, 171, 1))
(194, (119, 138, 55, 179))
(194, (119, 163, 171, 1))
(194, (119, 171, 55, 179))
(194, (119, 247, 135, 163))
(194, (119, 247, 163, 49))
(194, (119, 247, 49, 120))
(194, (119, 25, 55, 179))
(194, (119, 5, 163, 1))
(194, (119, 61, 55, 179))
(194, (1, 247, 25, 135))
(194, (1, 247, 61, 25))
(194, (135, 1, 163, 61))
(194, (135, 1, 183, 179))
(194, (135, 119, 55, 179))
(194, (135, 120, 55, 171))
(194, (135, 138, 183, 171))
(194, (135, 163, 183, 179))
(194, (135, 18, 183, 179))
(194, (135, 183, 179, 49))
(194, (135, 247, 55, 179))
(194, (135, 25, 183, 171))
(194, (135, 49, 183, 179))
(194, (135, 5, 1, 138))
(194, (135, 5, 179, 49))
(194, (135, 5, 183, 179))
(194, (135, 55, 179, 49))
(194, (135, 55, 183, 179))
(194, (135, 61, 183, 171))
(194, (138, 135, 18, 171))
(194, (138, 171, 18, 135))
(194, (138, 5, 18, 171))
(194, (163, 119, 135, 61))
(194, (163, 119, 49, 18))
(194, (163, 120, 61, 18))
(194, (163, 171, 135, 5))
(194, (163, 183, 171, 135))
(194, (163, 247, 135, 61))
(194, (163, 247, 49, 18))
(194, (163, 55, 171, 135))
(194, (163, 61, 171, 135))
(194, (171, 1, 183, 49))
(194, (171, 119, 55, 49))
(194, (171, 120, 5, 18))
(194, (171, 135, 163, 183))
(194, (171, 135, 163, 55))
(194, (171, 135, 183, 49))
(194, (171, 138, 163, 179))
(194, (171, 1, 5, 138))
(194, (171, 163, 183, 49))
(194, (171, 179, 135, 25))
(194, (171, 179, 183, 49))
(194, (171, 18, 183, 49))
(194, (171, 183, 135, 25))
(194, (171, 18, 5, 120))
(194, (171, 247, 55, 49))
(194, (171, 25, 135, 49))
(194, (171, 49, 135, 25))
(194, (171, 5, 163, 183))
(194, (171, 5, 163, 55))
(194, (171, 5, 183, 49))
(194, (171, 55, 135, 25))
(194, (171, 55, 183, 49))
(194, (179, 120, 183, 5))
(194, (179, 135, 49, 138))
(194, (179, 138, 55, 5))
(194, (179, 1, 61, 138))
(194, (179, 171, 135, 61))
(194, (179, 171, 55, 5))
(194, (179, 183, 49, 138))
(194, (179, 25, 55, 5))
(194, (179, 25, 61, 138))
(194, (179, 49, 1, 120))
(194, (179, 49, 61, 138))
(194, (179, 55, 49, 138))
(194, (179, 5, 61, 138))
(194, (179, 61, 25, 120))
(194, (179, 61, 55, 5))
(194, (183, 119, 179, 25))
(194, (183, 120, 247, 179))
(194, (183, 138, 247, 179))
(194, (183, 163, 5, 18))
(194, (183, 171, 247, 179))
(194, (183, 171, 5, 138))
(194, (183, 247, 179, 25))
(194, (183, 25, 247, 179))
(194, (183, 49, 25, 138))
(194, (183, 61, 247, 179))
(194, (183, 61, 49, 18))
(194, (247, 1, 179, 61))
(194, (247, 120, 55, 179))
(194, (247, 1, 25, 138))
(194, (247, 135, 171, 61))
(194, (247, 135, 49, 120))
(194, (247, 135, 5, 18))
(194, (247, 138, 163, 61))
(194, (247, 138, 183, 179))
(194, (247, 1, 61, 120))
(194, (247, 163, 135, 179))
(194, (247, 163, 179, 61))
(194, (247, 171, 163, 61))
(194, (247, 171, 183, 179))
(194, (247, 179, 135, 163))
(194, (247, 179, 171, 49))
(194, (247, 18, 171, 49))
(194, (247, 18, 179, 61))
(194, (247, 183, 135, 163))
(194, (247, 183, 163, 49))
(194, (247, 183, 49, 120))
(194, (247, 25, 171, 49))
(194, (247, 25, 183, 179))
(194, (247, 25, 61, 120))
(194, (247, 49, 135, 163))
(194, (247, 49, 179, 61))
(194, (247, 49, 61, 120))
(194, (247, 5, 1, 18))
(194, (247, 5, 171, 61))
(194, (247, 55, 135, 163))
(194, (247, 55, 163, 49))
(194, (247, 55, 49, 120))
(194, (247, 5, 61, 120))
(194, (247, 61, 179, 49))
(194, (247, 61, 183, 179))
(194, (25, 1, 119, 18))
(194, (25, 1, 135, 138))
(194, (25, 1, 171, 120))
(194, (25, 120, 119, 138))
(194, (25, 120, 135, 18))
(194, (25, 135, 119, 18))
(194, (25, 135, 163, 120))
(194, (25, 138, 171, 120))
(194, (25, 138, 49, 171))
(194, (25, 163, 1, 171))
(194, (25, 163, 119, 18))
(194, (25, 163, 171, 120))
(194, (25, 163, 49, 179))
(194, (25, 171, 1, 163))
(194, (25, 171, 119, 138))
(194, (25, 179, 119, 18))
(194, (25, 183, 119, 18))
(194, (25, 18, 49, 179))
(194, (25, 247, 119, 18))
(194, (25, 49, 119, 18))
(194, (25, 5, 119, 18))
(194, (25, 5, 135, 138))
(194, (25, 5, 163, 120))
(194, (25, 55, 119, 18))
(194, (25, 61, 119, 138))
(194, (49, 119, 1, 171))
(194, (49, 119, 171, 120))
(194, (49, 135, 61, 1))
(194, (49, 138, 61, 1))
(194, (49, 163, 61, 1))
(194, (49, 171, 1, 119))
(194, (49, 171, 1, 247))
(194, (49, 171, 61, 1))
(194, (49, 179, 61, 1))
(194, (49, 183, 61, 1))
(194, (49, 18, 61, 1))
(194, (49, 247, 1, 171))
(194, (49, 247, 171, 120))
(194, (49, 25, 5, 135))
(194, (49, 55, 61, 1))
(194, (55, 1, 135, 179))
(194, (55, 120, 119, 179))
(194, (55, 120, 25, 138))
(194, (55, 135, 179, 25))
(194, (55, 138, 119, 179))
(194, (55, 138, 135, 171))
(194, (55, 171, 119, 179))
(194, (55, 18, 135, 163))
(194, (55, 183, 179, 25))
(194, (55, 25, 119, 179))
(194, (55, 5, 135, 179))
(194, (55, 5, 179, 25))
(194, (55, 61, 119, 179))
(194, (61, 1, 49, 179))
(194, (61, 179, 1, 25))
(194, (61, 18, 135, 120))
(194, (61, 18, 5, 183))
(194, (61, 18, 5, 55))
(194, (61, 25, 1, 179))
(194, (61, 25, 49, 171))
(194, (61, 25, 5, 49))
(194, (61, 49, 5, 25))
(48, (1, 119, 247, 120))
(48, (1, 120, 25, 135))
(48, (1, 135, 247, 120))
(48, (1, 138, 179, 18))
(48, (1, 163, 247, 120))
(48, (1, 171, 179, 18))
(48, (1, 179, 163, 18))
(48, (1, 179, 247, 120))
(48, (1, 18, 247, 120))
(48, (1, 183, 171, 138))
(48, (1, 183, 247, 120))
(48, (119, 1, 179, 247))
(48, (119, 135, 171, 247))
(48, (119, 138, 135, 5))
(48, (119, 138, 163, 247))
(48, (119, 163, 179, 247))
(48, (119, 171, 163, 247))
(48, (119, 18, 179, 247))
(48, (119, 247, 163, 171))
(48, (119, 49, 179, 247))
(48, (119, 5, 171, 247))
(48, (120, 138, 18, 163))
(48, (120, 163, 18, 138))
(48, (120, 179, 18, 138))
(48, (120, 49, 18, 138))
(48, (1, 25, 163, 138))
(48, (1, 25, 179, 18))
(48, (135, 1, 163, 183))
(48, (135, 1, 163, 55))
(48, (135, 1, 171, 179))
(48, (135, 119, 1, 18))
(48, (135, 120, 247, 5))
(48, (135, 138, 171, 179))
(48, (135, 138, 247, 5))
(48, (135, 163, 171, 179))
(48, (135, 171, 247, 5))
(48, (135, 179, 171, 163))
(48, (135, 18, 171, 163))
(48, (135, 183, 179, 171))
(48, (135, 247, 1, 18))
(48, (135, 25, 171, 163))
(48, (135, 25, 247, 5))
(48, (135, 49, 171, 163))
(48, (135, 5, 163, 179))
(48, (135, 5, 179, 171))
(48, (135, 5, 25, 120))
(48, (135, 55, 179, 171))
(48, (135, 61, 179, 163))
(48, (135, 61, 247, 5))
(48, (138, 171, 18, 1))
(48, (138, 183, 18, 5))
(48, (138, 55, 18, 5))
(48, (1, 49, 163, 18))
(48, (1, 49, 247, 120))
(48, (1, 5, 247, 120))
(48, (1, 55, 171, 138))
(48, (1, 55, 247, 120))
(48, (1, 61, 135, 120))
(48, (1, 61, 171, 138))
(48, (163, 119, 135, 183))
(48, (163, 119, 135, 55))
(48, (163, 119, 25, 120))
(48, (163, 119, 61, 138))
(48, (163, 120, 49, 138))
(48, (163, 120, 55, 135))
(48, (163, 138, 183, 135))
(48, (163, 171, 183, 135))
(48, (163, 179, 135, 119))
(48, (163, 179, 135, 247))
(48, (163, 179, 171, 5))
(48, (163, 18, 171, 5))
(48, (163, 183, 135, 119))
(48, (163, 183, 135, 247))
(48, (163, 183, 171, 1))
(48, (163, 247, 135, 183))
(48, (163, 247, 135, 55))
(48, (163, 247, 25, 120))
(48, (163, 247, 61, 138))
(48, (163, 25, 171, 5))
(48, (163, 25, 183, 135))
(48, (163, 49, 135, 119))
(48, (163, 49, 135, 247))
(48, (163, 49, 171, 5))
(48, (163, 55, 135, 119))
(48, (163, 55, 135, 247))
(48, (163, 55, 171, 1))
(48, (163, 61, 171, 1))
(48, (163, 61, 179, 5))
(48, (163, 61, 183, 135))
(48, (171, 119, 5, 18))
(48, (171, 120, 55, 163))
(48, (171, 135, 163, 49))
(48, (171, 138, 183, 163))
(48, (171, 138, 25, 120))
(48, (171, 18, 135, 179))
(48, (171, 18, 25, 120))
(48, (171, 247, 5, 18))
(48, (171, 25, 183, 163))
(48, (171, 5, 163, 49))
(48, (171, 61, 163, 25))
(48, (171, 61, 183, 163))
(48, (179, 119, 183, 135))
(48, (179, 1, 49, 138))
(48, (179, 1, 55, 135))
(48, (179, 163, 55, 135))
(48, (179, 171, 1, 120))
(48, (179, 171, 135, 183))
(48, (179, 171, 135, 55))
(48, (179, 18, 171, 61))
(48, (179, 183, 163, 61))
(48, (179, 183, 55, 135))
(48, (179, 18, 55, 135))
(48, (179, 247, 183, 135))
(48, (179, 25, 1, 138))
(48, (179, 25, 171, 61))
(48, (179, 49, 171, 61))
(48, (179, 49, 55, 135))
(48, (179, 5, 25, 18))
(48, (179, 55, 163, 61))
(48, (179, 5, 55, 135))
(48, (18, 179, 138, 25))
(48, (183, 119, 171, 135))
(48, (183, 120, 163, 135))
(48, (183, 135, 49, 18))
(48, (183, 1, 61, 18))
(48, (183, 179, 135, 61))
(48, (183, 247, 171, 135))
(48, (183, 25, 61, 18))
(48, (183, 49, 135, 61))
(48, (183, 49, 61, 18))
(48, (183, 55, 135, 61))
(48, (183, 55, 49, 18))
(48, (183, 5, 61, 18))
(48, (18, 49, 138, 25))
(48, (247, 1, 179, 183))
(48, (247, 1, 179, 55))
(48, (247, 135, 1, 138))
(48, (247, 135, 171, 183))
(48, (247, 135, 171, 55))
(48, (247, 138, 163, 183))
(48, (247, 138, 163, 55))
(48, (247, 1, 49, 120))
(48, (247, 163, 179, 183))
(48, (247, 163, 179, 55))
(48, (247, 171, 163, 183))
(48, (247, 171, 163, 55))
(48, (247, 18, 135, 61))
(48, (247, 18, 179, 183))
(48, (247, 18, 179, 55))
(48, (247, 183, 163, 171))
(48, (247, 25, 1, 120))
(48, (247, 49, 179, 183))
(48, (247, 49, 179, 55))
(48, (247, 5, 171, 183))
(48, (247, 5, 171, 55))
(48, (247, 55, 163, 171))
(48, (247, 61, 179, 171))
(48, (25, 138, 1, 61))
(48, (25, 18, 5, 179))
(48, (25, 5, 49, 171))
(48, (25, 61, 49, 163))
(48, (49, 120, 1, 163))
(48, (49, 138, 55, 120))
(48, (49, 1, 5, 25))
(48, (49, 163, 5, 119))
(48, (49, 163, 5, 247))
(48, (49, 171, 55, 120))
(48, (49, 18, 5, 135))
(48, (49, 25, 5, 1))
(48, (49, 25, 55, 120))
(48, (49, 61, 55, 120))
(48, (5, 119, 49, 163))
(48, (5, 120, 61, 163))
(48, (5, 138, 1, 119))
(48, (5, 138, 1, 247))
(48, (5, 247, 49, 163))
(48, (55, 119, 135, 61))
(48, (55, 119, 49, 18))
(48, (55, 120, 61, 18))
(48, (55, 171, 135, 5))
(48, (55, 183, 171, 135))
(48, (55, 247, 135, 61))
(48, (55, 247, 49, 18))
(48, (55, 25, 163, 135))
(48, (55, 61, 171, 135))
(48, (61, 1, 119, 138))
(48, (61, 119, 135, 18))
(48, (61, 120, 135, 138))
(48, (61, 135, 119, 138))
(48, (61, 135, 25, 179))
(48, (61, 138, 25, 183))
(48, (61, 138, 25, 55))
(48, (61, 138, 49, 163))
(48, (61, 163, 119, 138))
(48, (61, 163, 49, 171))
(48, (61, 171, 49, 163))
(48, (61, 171, 5, 25))
(48, (61, 179, 119, 138))
(48, (61, 179, 49, 171))
(48, (61, 18, 1, 179))
(48, (61, 18, 119, 138))
(48, (61, 18, 25, 183))
(48, (61, 18, 25, 55))
(48, (61, 183, 119, 138))
(48, (61, 18, 49, 171))
(48, (61, 18, 5, 49))
(48, (61, 247, 119, 138))
(48, (61, 247, 135, 18))
(48, (61, 25, 5, 171))
(48, (61, 49, 119, 138))
(48, (61, 5, 119, 138))
(48, (61, 55, 119, 138))
(96, (1, 119, 61, 163))
(96, (1, 120, 49, 163))
(96, (1, 138, 5, 119))
(96, (1, 138, 5, 247))
(96, (119, 1, 179, 135))
(96, (119, 1, 183, 5))
(96, (119, 120, 163, 183))
(96, (119, 120, 163, 55))
(96, (119, 120, 183, 61))
(96, (119, 135, 183, 5))
(96, (119, 138, 163, 135))
(96, (119, 138, 55, 61))
(96, (119, 163, 179, 135))
(96, (119, 163, 183, 5))
(96, (119, 171, 163, 135))
(96, (119, 171, 55, 61))
(96, (119, 179, 183, 5))
(96, (119, 18, 179, 135))
(96, (119, 18, 183, 5))
(96, (119, 183, 171, 247))
(96, (119, 247, 171, 183))
(96, (119, 247, 171, 55))
(96, (119, 247, 55, 5))
(96, (119, 25, 135, 5))
(96, (119, 25, 163, 247))
(96, (119, 25, 55, 61))
(96, (119, 49, 179, 135))
(96, (119, 49, 183, 5))
(96, (119, 5, 171, 135))
(96, (119, 55, 171, 247))
(96, (119, 55, 183, 5))
(96, (119, 61, 171, 247))
(96, (120, 138, 18, 179))
(96, (1, 247, 61, 163))
(96, (135, 1, 183, 61))
(96, (135, 119, 55, 61))
(96, (135, 120, 179, 119))
(96, (135, 120, 179, 247))
(96, (135, 138, 179, 183))
(96, (135, 138, 179, 55))
(96, (135, 138, 61, 120))
(96, (135, 163, 183, 61))
(96, (135, 163, 61, 120))
(96, (135, 171, 179, 183))
(96, (135, 171, 179, 55))
(96, (135, 171, 61, 120))
(96, (135, 179, 163, 183))
(96, (135, 179, 163, 55))
(96, (135, 179, 183, 61))
(96, (135, 179, 61, 120))
(96, (135, 18, 163, 183))
(96, (135, 18, 163, 55))
(96, (135, 18, 171, 179))
(96, (135, 18, 183, 61))
(96, (135, 18, 25, 138))
(96, (135, 183, 163, 179))
(96, (135, 183, 61, 120))
(96, (135, 18, 61, 120))
(96, (135, 247, 55, 61))
(96, (135, 25, 171, 179))
(96, (135, 25, 179, 183))
(96, (135, 25, 179, 55))
(96, (135, 25, 49, 120))
(96, (135, 49, 163, 183))
(96, (135, 49, 163, 55))
(96, (135, 49, 171, 179))
(96, (135, 49, 183, 61))
(96, (135, 5, 183, 61))
(96, (135, 55, 163, 179))
(96, (135, 55, 183, 61))
(96, (135, 55, 61, 120))
(96, (135, 61, 163, 171))
(96, (138, 163, 18, 25))
(96, (138, 179, 18, 25))
(96, (138, 18, 120, 5))
(96, (138, 25, 18, 49))
(96, (138, 49, 18, 25))
(96, (163, 1, 135, 183))
(96, (163, 1, 135, 55))
(96, (163, 120, 119, 183))
(96, (163, 120, 119, 55))
(96, (163, 120, 247, 119))
(96, (163, 138, 119, 183))
(96, (163, 138, 119, 55))
(96, (163, 138, 179, 25))
(96, (163, 138, 247, 119))
(96, (163, 1, 5, 120))
(96, (163, 171, 119, 183))
(96, (163, 171, 119, 55))
(96, (163, 171, 179, 25))
(96, (163, 171, 247, 119))
(96, (163, 25, 119, 183))
(96, (163, 25, 119, 55))
(96, (163, 25, 247, 119))
(96, (163, 5, 135, 183))
(96, (163, 5, 135, 55))
(96, (163, 61, 119, 183))
(96, (163, 61, 119, 55))
(96, (163, 61, 247, 119))
(96, (171, 1, 179, 61))
(96, (171, 120, 55, 179))
(96, (171, 1, 25, 138))
(96, (171, 135, 49, 120))
(96, (171, 135, 5, 18))
(96, (171, 138, 163, 61))
(96, (171, 138, 183, 179))
(96, (171, 1, 61, 120))
(96, (171, 163, 135, 179))
(96, (171, 163, 179, 61))
(96, (171, 179, 135, 163))
(96, (171, 18, 179, 61))
(96, (171, 183, 135, 163))
(96, (171, 183, 163, 49))
(96, (171, 183, 49, 120))
(96, (171, 25, 183, 179))
(96, (171, 25, 61, 120))
(96, (171, 49, 135, 163))
(96, (171, 49, 179, 61))
(96, (171, 49, 61, 120))
(96, (171, 5, 1, 18))
(96, (171, 55, 135, 163))
(96, (171, 55, 163, 49))
(96, (171, 55, 49, 120))
(96, (171, 5, 61, 120))
(96, (171, 61, 179, 49))
(96, (171, 61, 183, 179))
(96, (179, 1, 119, 247))
(96, (179, 119, 247, 183))
(96, (179, 119, 247, 55))
(96, (179, 120, 135, 119))
(96, (179, 120, 135, 247))
(96, (179, 1, 247, 183))
(96, (179, 1, 247, 55))
(96, (179, 135, 119, 247))
(96, (179, 135, 247, 183))
(96, (179, 135, 247, 55))
(96, (179, 135, 61, 18))
(96, (179, 138, 61, 18))
(96, (179, 163, 119, 247))
(96, (179, 163, 247, 183))
(96, (179, 163, 247, 55))
(96, (179, 163, 61, 18))
(96, (179, 171, 61, 18))
(96, (179, 18, 119, 247))
(96, (179, 18, 247, 183))
(96, (179, 18, 247, 55))
(96, (179, 183, 119, 247))
(96, (179, 183, 247, 55))
(96, (179, 183, 61, 18))
(96, (179, 25, 49, 18))
(96, (179, 49, 119, 247))
(96, (179, 49, 247, 183))
(96, (179, 49, 247, 55))
(96, (179, 5, 119, 247))
(96, (179, 5, 247, 183))
(96, (179, 5, 247, 55))
(96, (179, 55, 119, 247))
(96, (179, 55, 247, 183))
(96, (179, 55, 61, 18))
(96, (179, 61, 135, 183))
(96, (179, 61, 135, 55))
(96, (179, 61, 5, 120))
(96, (183, 1, 119, 5))
(96, (183, 119, 179, 163))
(96, (183, 120, 135, 5))
(96, (183, 120, 247, 61))
(96, (183, 135, 119, 5))
(96, (183, 138, 247, 61))
(96, (183, 163, 119, 5))
(96, (183, 163, 25, 18))
(96, (183, 171, 247, 61))
(96, (183, 171, 25, 18))
(96, (183, 179, 119, 5))
(96, (183, 179, 25, 18))
(96, (183, 18, 119, 5))
(96, (183, 247, 119, 5))
(96, (183, 247, 179, 163))
(96, (183, 25, 247, 61))
(96, (183, 49, 119, 5))
(96, (183, 55, 1, 138))
(96, (183, 55, 119, 5))
(96, (247, 119, 183, 5))
(96, (247, 120, 163, 119))
(96, (247, 120, 55, 61))
(96, (247, 135, 55, 5))
(96, (247, 138, 183, 61))
(96, (247, 138, 25, 18))
(96, (247, 1, 55, 5))
(96, (247, 163, 135, 61))
(96, (247, 163, 55, 5))
(96, (247, 171, 183, 61))
(96, (247, 179, 55, 5))
(96, (247, 183, 171, 55))
(96, (247, 183, 55, 5))
(96, (247, 18, 55, 5))
(96, (247, 25, 163, 183))
(96, (247, 25, 163, 55))
(96, (247, 25, 183, 61))
(96, (247, 49, 55, 5))
(96, (247, 55, 171, 183))
(96, (247, 61, 163, 179))
(96, (247, 61, 171, 183))
(96, (247, 61, 171, 55))
(96, (25, 119, 61, 247))
(96, (25, 120, 49, 119))
(96, (25, 120, 49, 247))
(96, (25, 135, 61, 183))
(96, (25, 135, 61, 55))
(96, (25, 138, 61, 183))
(96, (25, 138, 61, 55))
(96, (25, 163, 49, 61))
(96, (25, 163, 5, 179))
(96, (25, 163, 61, 183))
(96, (25, 163, 61, 55))
(96, (25, 171, 61, 183))
(96, (25, 171, 61, 55))
(96, (25, 179, 49, 61))
(96, (25, 179, 5, 163))
(96, (25, 179, 61, 183))
(96, (25, 179, 61, 55))
(96, (25, 183, 5, 163))
(96, (25, 183, 61, 55))
(96, (25, 18, 49, 61))
(96, (25, 18, 61, 183))
(96, (25, 18, 61, 55))
(96, (25, 247, 61, 119))
(96, (25, 55, 5, 163))
(96, (25, 55, 61, 183))
(96, (25, 61, 49, 179))
(96, (49, 119, 135, 120))
(96, (49, 119, 5, 183))
(96, (49, 119, 5, 55))
(96, (49, 120, 1, 179))
(96, (49, 120, 179, 138))
(96, (49, 163, 5, 135))
(96, (49, 179, 5, 119))
(96, (49, 179, 5, 247))
(96, (49, 18, 1, 25))
(96, (49, 183, 5, 119))
(96, (49, 183, 5, 247))
(96, (49, 247, 135, 120))
(96, (49, 247, 5, 183))
(96, (49, 247, 5, 55))
(96, (49, 55, 5, 119))
(96, (49, 55, 5, 247))
(96, (5, 119, 49, 179))
(96, (5, 119, 61, 49))
(96, (5, 120, 1, 25))
(96, (5, 120, 61, 179))
(96, (5, 138, 1, 135))
(96, (5, 163, 49, 119))
(96, (5, 163, 49, 247))
(96, (5, 179, 49, 119))
(96, (5, 179, 49, 247))
(96, (5, 18, 49, 119))
(96, (5, 18, 49, 247))
(96, (5, 247, 49, 179))
(96, (5, 247, 61, 49))
(96, (55, 1, 135, 61))
(96, (55, 119, 1, 138))
(96, (55, 119, 247, 5))
(96, (55, 120, 119, 61))
(96, (55, 1, 247, 5))
(96, (55, 135, 163, 171))
(96, (55, 135, 179, 163))
(96, (55, 135, 247, 5))
(96, (55, 138, 119, 61))
(96, (55, 163, 247, 5))
(96, (55, 171, 119, 61))
(96, (55, 179, 247, 5))
(96, (55, 18, 247, 5))
(96, (55, 183, 179, 163))
(96, (55, 183, 247, 5))
(96, (55, 247, 1, 138))
(96, (55, 25, 119, 61))
(96, (55, 49, 247, 5))
(96, (55, 5, 135, 61))
(96, (55, 5, 163, 171))
(96, (55, 5, 179, 163))
(96, (55, 61, 135, 5))
(96, (61, 1, 135, 18))
(96, (61, 119, 49, 247))
(96, (61, 120, 119, 18))
(96, (61, 135, 179, 120))
(96, (61, 135, 49, 183))
(96, (61, 135, 49, 55))
(96, (61, 138, 119, 18))
(96, (61, 138, 49, 179))
(96, (61, 163, 1, 179))
(96, (61, 163, 5, 49))
(96, (61, 171, 119, 18))
(96, (61, 171, 49, 179))
(96, (61, 179, 1, 163))
(96, (61, 183, 179, 120))
(96, (61, 183, 25, 163))
(96, (61, 183, 49, 55))
(96, (61, 247, 49, 119))
(96, (61, 25, 119, 18))
(96, (61, 49, 5, 163))
(96, (61, 5, 135, 18))
(96, (61, 5, 179, 120))
(96, (61, 55, 179, 120))
(96, (61, 55, 25, 163))
(96, (61, 55, 49, 183))
