   7       0 loop0 58 0 706 1932 0 0 0 0 0 1700 1956
   7       1 loop1 45 0 2124 508 0 0 0 0 0 520 524
   7       2 loop2 12275 0 26532 204496 0 0 0 0 0 5636 195372
   7       3 loop3 35 0 660 216 0 0 0 0 0 236 236
   7       4 loop4 52 0 2104 140 0 0 0 0 0 108 168
   7       5 loop5 5 0 16 0 0 0 0 0 0 0 0
   7       6 loop6 0 0 0 0 0 0 0 0 0 0 0
   7       7 loop7 0 0 0 0 0 0 0 0 0 0 0
  11       0 sr0 0 0 0 0 0 0 0 0 0 0 0
   8       0 sda 17149 1429 1408526 117784 45987 43796 31779776 551548 0 81176 697336
   8       1 sda1 68 0 544 52 0 0 0 0 0 68 68
   8       2 sda2 16790 1419 1386850 117032 45934 43783 28112696 548792 0 80868 693808
   8       3 sda3 108 10 8554 564 39 13 1685072 2068 0 2336 2576
   8       4 sda4 103 0 8434 136 14 0 1982008 688 0 872 872
   8      16 sdb 195 0 12536 172 68 1 992376 2276 0 2560 2584
   8      17 sdb1 169 0 10440 172 68 1 992376 2276 0 2548 2560
